1 2 104 9
2 8 0 4
3 1 0 1
4 8 15 4
5 1 0 2
6 4 0 5
7 6 0 1
8 1 0 3
9 9 0 2
10 9 60 2
11 10 0 3
12 2 0 1
13 7 0 2
14 5 0 5
15 5 0 6
16 8 75 4
17 4 15 5
18 11 0 1
19 2 0 8
20 5 0 4
21 10 0 1
22 3 0 2
23 5 0 3
24 10 60 3
25 1 0 4
26 5 15 5
27 1 0 5
28 7 60 2
29 1 0 6
30 3 0 4
31 5 75 5
32 5 60 1
33 4 30 5
34 7 0 3
35 1 0 7
36 4 84 4
37 7 0 4
38 4 45 5
39 9 0 3
40 2 0 2
41 2 0 3
42 4 0 1
43 8 90 4
44 3 60 4
45 2 0 4
46 4 60 5
47 4 75 5
48 4 90 5
49 6 0 2
50 4 60 1
51 4 105 5
52 6 60 2
53 5 75 1
54 7 0 5
55 2 0 5
56 4 0 4
57 8 60 2
58 9 0 1
59 3 84 3
60 5 90 1
61 2 0 6
62 7 0 1
63 7 0 8
64 8 0 1
65 2 0 9
66 9 0 6
67 5 105 1
68 9 0 4
69 7 0 6
70 10 60 1
71 2 0 7
72 3 0 5
73 5 0 2
74 5 15 2
75 3 0 1
76 4 0 2
77 10 0 2
78 4 60 2
79 3 60 5
80 5 30 2
81 8 0 3
82 5 45 2
83 3 0 3
84 5 60 2
85 9 80 6
86 4 0 3
87 5 12 3
88 8 105 4
89 5 75 2
90 4 48 4
91 5 90 2
92 5 105 2
93 5 0 1
94 7 0 7
95 10 0 4
96 9 0 7
97 4 60 3
98 9 0 5
99 8 0 2
100 10 60 2
