1 [ 1 7 8 13 14 16 ] [ 20 ] [ 12 15 17 18 19 ] [ 6 9 10 11 ] [ 5 ] [ 3 ] [ 4 ] [ 2 ]
2 [ 7 9 20 ] [ 11 16 18 19 ] [ 17 ] [ 13 14 15 ] [ 4 8 10 ] [ 3 12 ] [ 6 ] [ 5 ] [ 2 ] [ 1 ]
3 [ 20 ] [ 15 16 17 18 19 ] [ 12 13 14 ] [ 6 8 9 10 11 ] [ 2 3 4 5 7 ] [ 1 ]
4 [ 7 19 ] [ 15 16 17 18 20 ] [ 5 9 14 ] [ 13 ] [ 4 8 10 11 12 ] [ 1 2 3 6 ]
5 [ 1 3 4 5 6 9 ] [ 7 10 11 16 18 19 ] [ 2 17 20 ] [ 8 ] [ 15 ] [ 13 14 ] [ 12 ]
6 [ 1 2 3 4 5 6 7 9 10 11 12 16 19 ] [ 8 17 ] [ 13 14 15 18 20 ]
7 [ 4 5 6 7 13 17 ] [ 8 ] [ 19 ] [ 20 ] [ 18 ] [ 9 12 14 15 16 ] [ 3 10 11 ] [ 2 ] [ 1 ]
8 [ 7 10 ] [ 14 15 16 17 18 19 20 ] [ 9 11 12 13 ] [ 2 3 6 ] [ 1 4 5 8 ]
9 [ 9 17 ] [ 16 19 20 ] [ 18 ] [ 11 12 13 14 15 ] [ 4 7 8 10 ] [ 2 3 ] [ 5 6 ] [ 1 ]
10 [ 1 2 3 4 5 7 8 9 10 11 12 13 ] [ 17 18 19 20 ] [ 6 ] [ 15 16 ] [ 14 ]
11 [ 1 2 3 4 5 6 7 8 9 10 11 12 13 15 19 ] [ 14 16 17 18 20 ]
