1 3 0 3
2 3 15 3
3 6 0 5
4 2 0 2
5 3 30 3
6 3 45 3
7 1 0 1
8 1 0 10
9 1 0 2
10 4 0 5
11 1 0 3
12 5 0 4
13 3 60 3
14 6 0 3
15 3 75 3
16 1 0 4
17 5 0 5
18 1 60 10
19 2 60 2
20 1 0 5
21 5 15 5
22 6 0 6
23 3 90 3
24 3 105 3
25 7 0 1
26 5 30 5
27 5 0 6
28 3 0 4
29 6 60 3
30 6 60 5
31 6 75 5
32 5 45 5
33 3 15 4
34 6 90 5
35 3 30 4
36 1 0 11
37 3 45 4
38 4 0 1
39 4 15 1
40 3 60 4
41 3 75 4
42 5 0 2
43 3 60 2
44 3 90 4
45 3 105 4
46 4 30 1
47 2 0 3
48 2 60 3
49 4 45 1
50 5 60 5
51 4 60 1
52 6 105 5
53 4 75 1
54 4 90 1
55 4 105 1
56 4 0 2
57 5 75 5
58 6 0 4
59 6 60 7
60 4 15 2
61 4 30 2
62 5 0 1
63 4 45 2
64 1 0 6
65 4 60 2
66 1 0 7
67 4 75 2
68 7 0 2
69 1 0 8
70 4 90 2
71 4 105 2
72 5 15 1
73 4 0 3
74 6 60 2
75 7 60 2
76 4 15 3
77 6 0 7
78 3 0 1
79 1 60 11
80 4 30 3
81 7 75 2
82 3 60 1
83 5 90 5
84 4 45 3
85 2 0 4
86 6 0 2
87 4 60 3
88 5 0 3
89 5 15 3
90 4 75 3
91 4 90 3
92 1 0 9
93 2 0 1
94 4 105 3
95 2 60 4
96 5 30 3
97 4 0 4
98 3 0 2
99 5 45 3
100 6 0 1
