1 9 0 2
2 7 0 4
3 10 0 1
4 11 0 3
5 2 92 3
6 1 0 9
7 1 60 9
8 1 0 10
9 1 60 10
10 2 0 4
11 2 60 4
12 2 0 3
13 1 0 1
14 6 0 2
15 6 0 4
16 1 0 11
17 11 0 7
18 1 60 11
19 1 0 12
20 1 60 12
21 6 60 4
22 3 0 1
23 12 0 1
24 1 0 2
25 3 60 1
26 1 0 8
27 7 0 1
28 9 0 3
29 3 0 2
30 1 0 13
31 1 60 13
32 3 60 2
33 8 0 2
34 3 0 3
35 2 0 5
36 3 60 3
37 6 15 2
38 2 60 5
39 6 30 2
40 1 0 3
41 6 45 2
42 4 0 1
43 9 60 3
44 7 60 4
45 13 0 1
46 8 60 2
47 7 0 5
48 10 60 1
49 7 60 5
50 6 60 2
51 11 16 3
52 6 75 2
53 1 0 4
54 5 0 4
55 3 0 4
56 6 0 3
57 11 0 4
58 6 90 2
59 3 60 4
60 11 0 5
61 4 60 1
62 11 60 4
63 3 0 5
64 3 60 5
65 4 0 2
66 1 0 5
67 6 0 5
68 4 60 2
69 7 0 6
70 2 0 1
71 11 76 3
72 4 0 3
73 7 0 2
74 8 0 1
75 4 60 3
76 4 0 4
77 5 0 1
78 11 0 2
79 5 60 1
80 4 60 4
81 4 0 5
82 1 0 6
83 11 0 6
84 9 0 1
85 5 0 2
86 11 60 1
87 2 0 2
88 6 0 1
89 5 60 2
90 7 60 2
91 8 0 3
92 1 0 7
93 6 105 2
94 11 0 1
95 6 60 1
96 5 0 3
97 4 60 5
98 5 60 3
99 7 0 3
100 8 60 3
