1 [ 1 ] [ 15 ] [ 14 ] [ 13 ] [ 12 ] [ 10 11 ] [ 5 ] [ 9 ] [ 8 ] [ 7 ] [ 6 ] [ 3 ] [ 4 ] [ 2 ]
2 [ 3 13 15 ] [ 11 ] [ 7 10 ] [ 6 12 14 ] [ 1 4 5 8 9 ] [ 2 ]
3 [  ] [ 13 14 15 ] [ 8 9 10 11 12 ] [ 2 3 5 6 7 ] [ 4 ] [ 1 ]
4 [ 2 8 13 ] [ 10 11 12 14 15 ] [ 9 ] [ 5 6 7 ] [ 1 4 ] [ 3 ]
5 [ 2 7 8 9 ] [ 10 11 12 13 15 ] [ 1 4 6 14 ] [ 5 ] [ 3 ]
6 [ 2 4 ] [ 6 7 13 14 15 ] [ 8 9 10 11 12 ] [ 5 ] [ 1 ] [ 3 ]
7 [ 3 8 12 15 ] [ 13 ] [ 2 5 6 11 14 ] [ 10 ] [ 4 ] [ 1 9 ] [ 7 ]
8 [ 1 2 3 10 11 ] [ 12 13 14 15 ] [ 6 ] [ 4 5 7 8 9 ]
9 [ 2 4 ] [ 11 12 13 14 15 ] [ 1 5 8 9 10 ] [ 3 6 7 ]
10 [ 1 2 3 4 5 6 7 10 12 15 ] [ 8 9 11 13 14 ]
11 [ 2 ] [ 11 12 13 14 15 ] [ 10 ] [ 4 6 7 9 ] [ 5 ] [ 8 ] [ 3 ] [ 1 ]
12 [ 1 2 3 4 5 6 7 8 12 14 ] [ 9 10 11 13 15 ]
13 [ 1 2 3 4 5 6 7 8 9 10 ] [ 11 12 13 14 15 ]
