1 7 0 3
2 5 0 5
3 9 0 1
4 9 0 3
5 1 92 11
6 1 0 12
7 1 60 12
8 2 0 1
9 2 60 1
10 2 0 2
11 2 60 2
12 1 0 11
13 1 0 1
14 5 52 2
15 6 0 4
16 2 0 3
17 9 0 6
18 2 60 3
19 2 0 4
20 2 60 4
21 5 60 5
22 2 0 5
23 10 0 1
24 1 0 2
25 2 60 5
26 1 0 10
27 5 0 4
28 9 16 3
29 2 0 6
30 2 60 6
31 2 0 7
32 3 0 1
33 7 15 3
34 3 60 1
35 2 60 7
36 3 0 2
37 5 67 2
38 3 60 2
39 5 82 2
40 1 0 3
41 5 97 2
42 3 0 3
43 5 0 6
44 6 60 4
45 10 0 2
46 6 0 5
47 6 60 5
48 9 60 1
49 7 0 4
50 5 0 3
51 6 0 6
52 5 15 3
53 1 0 4
54 5 30 3
55 3 60 3
56 6 0 2
57 5 60 6
58 5 45 3
59 4 0 1
60 9 0 4
61 4 60 1
62 6 60 6
63 4 0 2
64 4 60 2
65 4 0 3
66 1 0 5
67 7 75 3
68 4 60 3
69 8 0 4
70 1 0 6
71 9 76 3
72 4 0 4
73 6 60 2
74 7 0 1
75 4 60 4
76 4 0 5
77 4 60 5
78 9 60 2
79 5 0 1
80 4 0 6
81 4 60 6
82 1 0 7
83 9 0 5
84 8 0 1
85 5 60 1
86 8 0 2
87 1 0 8
88 6 0 1
89 4 0 7
90 7 0 2
91 8 60 2
92 1 0 9
93 5 60 3
94 9 0 2
95 5 0 2
96 4 60 7
97 4 0 8
98 4 60 8
99 6 0 3
100 8 0 3
