1 [ 2 6 8 ] [ 20 ] [ 19 ] [ 14 ] [ 16 ] [ 12 17 18 ] [ 9 ] [ 15 ] [ 4 10 ] [ 13 ] [ 11 ] [ 3 5 7 ] [ 1 ]
2 [ 7 17 19 ] [ 20 ] [ 12 13 15 16 18 ] [ 14 ] [ 11 ] [ 8 9 10 ] [ 2 3 4 5 6 ] [ 1 ]
3 [ 2 4 8 12 18 ] [ 15 16 17 19 20 ] [ 7 9 10 13 14 ] [ 1 3 5 6 11 ]
4 [ 9 17 ] [ 15 16 18 19 20 ] [ 13 ] [ 7 ] [ 1 5 14 ] [ 6 8 10 11 12 ] [ 4 ] [ 2 ] [ 3 ]
5 [ 6 7 20 ] [ 11 14 16 18 19 ] [ 9 13 15 17 ] [ 4 5 8 10 12 ] [ 3 ] [ 2 ] [ 1 ]
6 [ 3 4 8 12 13 14 17 ] [ 6 7 10 18 19 ] [ 1 5 15 16 ] [ 20 ] [ 11 ] [ 9 ] [ 2 ]
7 [ 2 6 10 16 17 ] [ 15 18 19 20 ] [ 9 11 12 13 14 ] [ 3 4 5 7 8 ] [ 1 ]
8 [ 1 2 5 8 10 ] [ 15 17 18 19 20 ] [ 7 9 11 13 16 ] [ 3 4 12 14 ] [ 6 ]
9 [ 1 3 7 15 ] [ 16 17 18 19 20 ] [ 10 11 13 14 ] [ 6 8 9 12 ] [ 5 ] [ 4 ] [ 2 ]
10 [ 1 2 3 4 5 8 13 15 16 18 ] [ 12 14 17 19 20 ] [ 6 7 9 10 11 ]
